Webots Project File version R2025a
perspectives: 000000ff00000000fd0000000200000001000001870000017afc0200000001fb0000001400540065007800740045006400690074006f007201000000150000017a0000008500ffffff000000030000055600000143fc0100000002fb0000001c0074007200610069006e0069006e00670041006c006c0041006c006c0100000000000005560000000000000000fb0000001a0043006f006e0073006f006c00650041006c006c0041006c006c0100000000000005560000006900ffffff000003cd0000017a00000001000000020000000100000008fc00000000
simulationViewPerspectives: 000000ff000000010000000200000127000002980100000002010000000100
sceneTreePerspectives: 000000ff00000001000000030000001e000000c0000000fa0100000002010000000200
minimizedPerspectives: 000000ff00000000fd00000002000000010000019300000218fc0200000001fb0000001400540065007800740045006400690074006f00720100000015000002180000008500ffffff0000000300000556000000a5fc0100000002fb0000001c0074007200610069006e0069006e00670041006c006c0041006c006c0100000000000005560000000000000000fb0000001a0043006f006e0073006f006c00650041006c006c0041006c006c0100000000000005560000006900ffffff000003c10000021800000001000000020000000100000008fc00000000
maximizedDockId: -1
centralWidgetVisible: 1
orthographicViewHeight: 1
textFiles: 2 "controllers/dqn_agent/dqn_agent.py" "controllers/Training_controller/Training_controller.py" "controllers/E_Puck_controller/E_Puck_controller.py"
globalOptionalRendering: DistanceSensorRays::LidarRaysPaths::LidarPointClouds::CameraFrustums
consoles: Console:All:All
renderingDevicePerspectives: e-puck:camera;0;0.820513;0;0.00239235
