Webots Project File version R2025a
perspectives: 000000ff00000000fd0000000200000001000001930000022cfc0200000001fb0000001400540065007800740045006400690074006f007201000000150000022c0000008500ffffff000000030000055600000091fc0100000001fb0000001c0074007200610069006e0069006e00670041006c006c0041006c006c0100000000000005560000006900ffffff000003c10000022c00000001000000020000000100000008fc00000000
simulationViewPerspectives: 000000ff000000010000000200000127000002980100000002010000000100
sceneTreePerspectives: 000000ff00000001000000030000001e000001ef000000fa0100000002010000000200
minimizedPerspectives: 000000ff00000000fd0000000200000001000001930000027dfc0200000001fb0000001400540065007800740045006400690074006f007201000000150000027d0000008500ffffff000000030000055600000040fc0100000001fb0000001a0043006f006e0073006f006c00650041006c006c0041006c006c0100000000000005560000006900ffffff000003c10000027d00000001000000020000000100000008fc00000000
maximizedDockId: -1
centralWidgetVisible: 1
orthographicViewHeight: 1
textFiles: 2 "controllers/dqn_agent/dqn_agent.py" "controllers/Training_controller/Training_controller.py" "controllers/E_Puck_controller/E_Puck_controller.py"
globalOptionalRendering: DistanceSensorRays::LidarPointClouds::LidarRaysPaths::CameraFrustums
consoles: training:All:All
renderingDevicePerspectives: e-puck:camera;1;2.38462;0;0.00239235
